1.40363657981e+18
1.40363657986e+18
1.40363657991e+18
1.40363657996e+18
1.40363658001e+18
1.40363658006e+18
1.40363658011e+18
1.40363658016e+18
1.40363658021e+18
1.40363658026e+18
1.40363658031e+18
1.40363658036e+18
1.40363658041e+18
1.40363658046e+18
1.40363658051e+18
1.40363658056e+18
1.40363658061e+18
1.40363658066e+18
1.40363658071e+18
1.40363658076e+18
1.40363658081e+18
1.40363658086e+18
1.40363658091e+18
1.40363658096e+18
1.40363658101e+18
1.40363658106e+18
1.40363658111e+18
1.40363658116e+18
1.40363658121e+18
1.40363658126e+18
1.40363658131e+18
1.40363658136e+18
1.40363658141e+18
1.40363658146e+18
1.40363658151e+18
1.40363658156e+18
1.40363658161e+18
1.40363658166e+18
1.40363658171e+18
1.40363658176e+18
1.40363658181e+18
1.40363658186e+18
1.40363658191e+18
1.40363658196e+18
1.40363658201e+18
1.40363658206e+18
1.40363658211e+18
1.40363658216e+18
1.40363658221e+18
1.40363658226e+18
1.40363658231e+18
1.40363658236e+18
1.40363658241e+18
1.40363658246e+18
1.40363658251e+18
1.40363658256e+18
1.40363658261e+18
1.40363658266e+18
1.40363658271e+18
1.40363658276e+18
1.40363658281e+18
1.40363658286e+18
1.40363658291e+18
1.40363658296e+18
1.40363658301e+18
1.40363658306e+18
1.40363658311e+18
1.40363658316e+18
1.40363658321e+18
1.40363658326e+18
1.40363658331e+18
1.40363658336e+18
1.40363658341e+18
1.40363658346e+18
1.40363658351e+18
1.40363658356e+18
1.40363658361e+18
1.40363658366e+18
1.40363658371e+18
1.40363658376e+18
1.40363658381e+18
1.40363658386e+18
1.40363658391e+18
1.40363658396e+18
1.40363658401e+18
1.40363658406e+18
1.40363658411e+18
1.40363658416e+18
1.40363658421e+18
1.40363658426e+18
1.40363658431e+18
1.40363658436e+18
1.40363658441e+18
1.40363658446e+18
1.40363658451e+18
1.40363658456e+18
1.40363658461e+18
1.40363658466e+18
1.40363658471e+18
1.40363658476e+18
1.40363658481e+18
1.40363658486e+18
1.40363658491e+18
1.40363658496e+18
1.40363658501e+18
1.40363658506e+18
1.40363658511e+18
1.40363658516e+18
1.40363658521e+18
1.40363658526e+18
1.40363658531e+18
1.40363658536e+18
1.40363658541e+18
1.40363658546e+18
1.40363658551e+18
1.40363658556e+18
1.40363658561e+18
1.40363658566e+18
1.40363658571e+18
1.40363658576e+18
1.40363658581e+18
1.40363658586e+18
1.40363658591e+18
1.40363658596e+18
1.40363658601e+18
1.40363658606e+18
1.40363658611e+18
1.40363658616e+18
1.40363658621e+18
1.40363658626e+18
1.40363658631e+18
1.40363658636e+18
1.40363658641e+18
1.40363658646e+18
1.40363658651e+18
1.40363658656e+18
1.40363658661e+18
1.40363658666e+18
1.40363658671e+18
1.40363658676e+18
1.40363658681e+18
1.40363658686e+18
1.40363658691e+18
1.40363658696e+18
1.40363658701e+18
1.40363658706e+18
1.40363658711e+18
1.40363658716e+18
1.40363658721e+18
1.40363658726e+18
1.40363658731e+18
1.40363658736e+18
1.40363658741e+18
1.40363658746e+18
1.40363658751e+18
1.40363658756e+18
1.40363658761e+18
1.40363658766e+18
1.40363658771e+18
1.40363658776e+18
1.40363658781e+18
1.40363658786e+18
1.40363658791e+18
1.40363658796e+18
1.40363658801e+18
1.40363658806e+18
1.40363658811e+18
1.40363658816e+18
1.40363658821e+18
1.40363658826e+18
1.40363658831e+18
1.40363658836e+18
1.40363658841e+18
1.40363658846e+18
1.40363658851e+18
1.40363658856e+18
1.40363658861e+18
1.40363658866e+18
1.40363658871e+18
1.40363658876e+18
1.40363658881e+18
1.40363658886e+18
1.40363658891e+18
1.40363658896e+18
1.40363658901e+18
1.40363658906e+18
1.40363658911e+18
1.40363658916e+18
1.40363658921e+18
1.40363658926e+18
1.40363658931e+18
1.40363658936e+18
1.40363658941e+18
1.40363658946e+18
1.40363658951e+18
1.40363658956e+18
1.40363658961e+18
1.40363658966e+18
1.40363658971e+18
1.40363658976e+18
1.40363658981e+18
1.40363658986e+18
1.40363658991e+18
1.40363658996e+18
1.40363659001e+18
1.40363659006e+18
1.40363659011e+18
1.40363659016e+18
1.40363659021e+18
1.40363659026e+18
1.40363659031e+18
1.40363659036e+18
1.40363659041e+18
1.40363659046e+18
1.40363659051e+18
1.40363659056e+18
1.40363659061e+18
1.40363659066e+18
1.40363659071e+18
1.40363659076e+18
1.40363659081e+18
1.40363659086e+18
1.40363659091e+18
1.40363659096e+18
1.40363659101e+18
1.40363659106e+18
1.40363659111e+18
1.40363659116e+18
1.40363659121e+18
1.40363659126e+18
1.40363659131e+18
1.40363659136e+18
1.40363659141e+18
1.40363659146e+18
1.40363659151e+18
1.40363659156e+18
1.40363659161e+18
1.40363659166e+18
1.40363659171e+18
1.40363659176e+18
1.40363659181e+18
1.40363659186e+18
1.40363659191e+18
1.40363659196e+18
1.40363659201e+18
1.40363659206e+18
1.40363659211e+18
1.40363659216e+18
1.40363659221e+18
1.40363659226e+18
1.40363659231e+18
1.40363659236e+18
1.40363659241e+18
1.40363659246e+18
1.40363659251e+18
1.40363659256e+18
1.40363659261e+18
1.40363659266e+18
1.40363659271e+18
1.40363659276e+18
1.40363659281e+18
1.40363659286e+18
1.40363659291e+18
1.40363659296e+18
1.40363659301e+18
1.40363659306e+18
1.40363659311e+18
1.40363659316e+18
1.40363659321e+18
1.40363659326e+18
1.40363659331e+18
1.40363659336e+18
1.40363659341e+18
1.40363659346e+18
1.40363659351e+18
1.40363659356e+18
1.40363659361e+18
1.40363659366e+18
1.40363659371e+18
1.40363659376e+18
1.40363659381e+18
1.40363659386e+18
1.40363659391e+18
1.40363659396e+18
1.40363659401e+18
1.40363659406e+18
1.40363659411e+18
1.40363659416e+18
1.40363659421e+18
1.40363659426e+18
1.40363659431e+18
1.40363659436e+18
1.40363659441e+18
1.40363659446e+18
1.40363659451e+18
1.40363659456e+18
1.40363659461e+18
1.40363659466e+18
1.40363659471e+18
1.40363659476e+18
1.40363659481e+18
1.40363659486e+18
1.40363659491e+18
1.40363659496e+18
1.40363659501e+18
1.40363659506e+18
1.40363659511e+18
1.40363659516e+18
1.40363659521e+18
1.40363659526e+18
1.40363659531e+18
1.40363659536e+18
1.40363659541e+18
1.40363659546e+18
1.40363659551e+18
1.40363659556e+18
1.40363659561e+18
1.40363659566e+18
1.40363659571e+18
1.40363659576e+18
1.40363659581e+18
1.40363659586e+18
1.40363659591e+18
1.40363659596e+18
1.40363659601e+18
1.40363659606e+18
1.40363659611e+18
1.40363659616e+18
1.40363659621e+18
1.40363659626e+18
1.40363659631e+18
1.40363659636e+18
1.40363659641e+18
1.40363659646e+18
1.40363659651e+18
1.40363659656e+18
1.40363659661e+18
1.40363659666e+18
1.40363659671e+18
1.40363659676e+18
1.40363659681e+18
1.40363659686e+18
1.40363659691e+18
1.40363659696e+18
1.40363659701e+18
1.40363659706e+18
1.40363659711e+18
1.40363659716e+18
1.40363659721e+18
1.40363659726e+18
1.40363659731e+18
1.40363659736e+18
1.40363659741e+18
1.40363659746e+18
1.40363659751e+18
1.40363659756e+18
1.40363659761e+18
1.40363659766e+18
1.40363659771e+18
1.40363659776e+18
1.40363659781e+18
1.40363659786e+18
1.40363659791e+18
1.40363659796e+18
1.40363659801e+18
1.40363659806e+18
1.40363659811e+18
1.40363659816e+18
1.40363659821e+18
1.40363659826e+18
1.40363659831e+18
1.40363659836e+18
1.40363659841e+18
1.40363659846e+18
1.40363659851e+18
1.40363659856e+18
1.40363659861e+18
1.40363659866e+18
1.40363659871e+18
1.40363659876e+18
1.40363659881e+18
1.40363659886e+18
1.40363659891e+18
1.40363659896e+18
1.40363659901e+18
1.40363659906e+18
1.40363659911e+18
1.40363659916e+18
1.40363659921e+18
1.40363659926e+18
1.40363659931e+18
1.40363659936e+18
1.40363659941e+18
1.40363659946e+18
1.40363659951e+18
1.40363659956e+18
1.40363659961e+18
1.40363659966e+18
1.40363659971e+18
1.40363659976e+18
1.40363659981e+18
1.40363659986e+18
1.40363659991e+18
1.40363659996e+18
1.40363660001e+18
1.40363660006e+18
1.40363660011e+18
1.40363660016e+18
1.40363660021e+18
1.40363660026e+18
1.40363660031e+18
1.40363660036e+18
1.40363660041e+18
1.40363660046e+18
1.40363660051e+18
1.40363660056e+18
1.40363660061e+18
1.40363660066e+18
1.40363660071e+18
1.40363660076e+18
1.40363660081e+18
1.40363660086e+18
1.40363660091e+18
1.40363660096e+18
1.40363660101e+18
1.40363660106e+18
1.40363660111e+18
1.40363660116e+18
1.40363660121e+18
1.40363660126e+18
1.40363660131e+18
1.40363660136e+18
1.40363660141e+18
1.40363660146e+18
1.40363660151e+18
1.40363660156e+18
1.40363660161e+18
1.40363660166e+18
1.40363660171e+18
1.40363660176e+18
1.40363660181e+18
1.40363660186e+18
1.40363660191e+18
1.40363660196e+18
1.40363660201e+18
1.40363660206e+18
1.40363660211e+18
1.40363660216e+18
1.40363660221e+18
1.40363660226e+18
1.40363660231e+18
1.40363660236e+18
1.40363660241e+18
1.40363660246e+18
1.40363660251e+18
1.40363660256e+18
1.40363660261e+18
1.40363660266e+18
1.40363660271e+18
1.40363660276e+18
1.40363660281e+18
1.40363660286e+18
1.40363660291e+18
1.40363660296e+18
1.40363660301e+18
1.40363660306e+18
1.40363660311e+18
1.40363660316e+18
1.40363660321e+18
1.40363660326e+18
1.40363660331e+18
1.40363660336e+18
1.40363660341e+18
1.40363660346e+18
1.40363660351e+18
1.40363660356e+18
1.40363660361e+18
1.40363660366e+18
1.40363660371e+18
1.40363660376e+18
1.40363660381e+18
1.40363660386e+18
1.40363660391e+18
1.40363660396e+18
1.40363660401e+18
1.40363660406e+18
1.40363660411e+18
1.40363660416e+18
1.40363660421e+18
1.40363660426e+18
1.40363660431e+18
1.40363660436e+18
1.40363660441e+18
1.40363660446e+18
1.40363660451e+18
1.40363660456e+18
1.40363660461e+18
1.40363660466e+18
1.40363660471e+18
1.40363660476e+18
1.40363660481e+18
1.40363660486e+18
1.40363660491e+18
1.40363660496e+18
1.40363660501e+18
1.40363660506e+18
1.40363660511e+18
1.40363660516e+18
1.40363660521e+18
1.40363660526e+18
1.40363660531e+18
1.40363660536e+18
1.40363660541e+18
1.40363660546e+18
1.40363660551e+18
1.40363660556e+18
1.40363660561e+18
1.40363660566e+18
1.40363660571e+18
1.40363660576e+18
1.40363660581e+18
1.40363660586e+18
1.40363660591e+18
1.40363660596e+18
1.40363660601e+18
1.40363660606e+18
1.40363660611e+18
1.40363660616e+18
1.40363660621e+18
1.40363660626e+18
1.40363660631e+18
1.40363660636e+18
1.40363660641e+18
1.40363660646e+18
1.40363660651e+18
1.40363660656e+18
1.40363660661e+18
1.40363660666e+18
1.40363660671e+18
1.40363660676e+18
1.40363660681e+18
1.40363660686e+18
1.40363660691e+18
1.40363660696e+18
1.40363660701e+18
1.40363660706e+18
1.40363660711e+18
1.40363660716e+18
1.40363660721e+18
1.40363660726e+18
1.40363660731e+18
1.40363660736e+18
1.40363660741e+18
1.40363660746e+18
1.40363660751e+18
1.40363660756e+18
1.40363660761e+18
1.40363660766e+18
1.40363660771e+18
1.40363660776e+18
1.40363660781e+18
1.40363660786e+18
1.40363660791e+18
1.40363660796e+18
1.40363660801e+18
1.40363660806e+18
1.40363660811e+18
1.40363660816e+18
1.40363660821e+18
1.40363660826e+18
1.40363660831e+18
1.40363660836e+18
1.40363660841e+18
1.40363660846e+18
1.40363660851e+18
1.40363660856e+18
1.40363660861e+18
1.40363660866e+18
1.40363660871e+18
1.40363660876e+18
1.40363660881e+18
1.40363660886e+18
1.40363660891e+18
1.40363660896e+18
1.40363660901e+18
1.40363660906e+18
1.40363660911e+18
1.40363660916e+18
1.40363660921e+18
1.40363660926e+18
1.40363660931e+18
1.40363660936e+18
1.40363660941e+18
1.40363660946e+18
1.40363660951e+18
1.40363660956e+18
1.40363660961e+18
1.40363660966e+18
1.40363660971e+18
1.40363660976e+18
1.40363660981e+18
1.40363660986e+18
1.40363660991e+18
1.40363660996e+18
1.40363661001e+18
1.40363661006e+18
1.40363661011e+18
1.40363661016e+18
1.40363661021e+18
1.40363661026e+18
1.40363661031e+18
1.40363661036e+18
1.40363661041e+18
1.40363661046e+18
1.40363661051e+18
1.40363661056e+18
1.40363661061e+18
1.40363661066e+18
1.40363661071e+18
1.40363661076e+18
1.40363661081e+18
1.40363661086e+18
1.40363661091e+18
1.40363661096e+18
1.40363661101e+18
1.40363661106e+18
1.40363661111e+18
1.40363661116e+18
1.40363661121e+18
1.40363661126e+18
1.40363661131e+18
1.40363661136e+18
1.40363661141e+18
1.40363661146e+18
1.40363661151e+18
1.40363661156e+18
1.40363661161e+18
1.40363661166e+18
1.40363661171e+18
1.40363661176e+18
1.40363661181e+18
1.40363661186e+18
1.40363661191e+18
1.40363661196e+18
1.40363661201e+18
1.40363661206e+18
1.40363661211e+18
1.40363661216e+18
1.40363661221e+18
1.40363661226e+18
1.40363661231e+18
1.40363661236e+18
1.40363661241e+18
1.40363661246e+18
1.40363661251e+18
1.40363661256e+18
1.40363661261e+18
1.40363661266e+18
1.40363661271e+18
1.40363661276e+18
1.40363661281e+18
1.40363661286e+18
1.40363661291e+18
1.40363661296e+18
1.40363661301e+18
1.40363661306e+18
1.40363661311e+18
1.40363661316e+18
1.40363661321e+18
1.40363661326e+18
1.40363661331e+18
1.40363661336e+18
1.40363661341e+18
1.40363661346e+18
1.40363661351e+18
1.40363661356e+18
1.40363661361e+18
1.40363661366e+18
1.40363661371e+18
1.40363661376e+18
1.40363661381e+18
1.40363661386e+18
1.40363661391e+18
1.40363661396e+18
1.40363661401e+18
1.40363661406e+18
1.40363661411e+18
